## route-root.json
  CONTROL: servedSwitch=801 (route-map.breakpoint) intervals 0/7 passSpans=[]
  OWN_PREFIX: servedSwitch=900 (route-map.breakpoint) intervals 0/7 passSpans=[]
  OWN_MOBFIX: servedSwitch=900 (route-map.breakpoint) intervals 0/7 passSpans=[]
  FINALSPEC: servedSwitch=900 (route-map.breakpoint) intervals 0/7 passSpans=[]
  band         |                                      CONTROL |                                   OWN_PREFIX |                                   OWN_MOBFIX |                                    FINALSPEC
               |    n cls%   R11/n  R13/n  R10  hard  H1 tm |dH| |    n cls%   R11/n  R13/n  R10  hard  H1 tm |dH| |    n cls%   R11/n  R13/n  R10  hard  H1 tm |dH| |    n cls%   R11/n  R13/n  R10  hard  H1 tm |dH|
  [ 390, 600) |   10  83.6   0.26   0.02   0.9   0.0   0  0 0.07 |   10  10.7   1.23   0.14   5.4   0.0   0  0 0.07 |   10  90.6   0.18   0.00   0.9   0.0   0  0 0.07 |   10  91.1   0.16   0.00   1.9   0.0   0  0 0.07
  [ 600, 900) |   16  84.0   0.13   0.01   0.5   0.4   0  8 0.09 |   13  10.7   1.37   0.16   6.9   0.0   0  0 0.15 |   13  91.1   0.20   0.00   1.0   0.8   0  0 0.15 |   13  91.5   0.16   0.00   2.0   0.0   0  0 0.15
  [ 900,1200) |   14  31.1   1.32   0.06  12.4  38.3   0  0 0.09 |   14  41.8   1.04   0.05   5.9  34.1   0  0 0.10 |   14   4.6   1.53   0.08  21.5  37.6   0  0 0.09 |   14  42.3   1.03   0.05   5.9  31.1   0  0 0.10
  [1200,1440) |   14  15.1   1.08   0.06   6.4  24.2   0  0 0.03 |   14  42.3   0.87   0.05   4.5  28.9   0  0 0.03 |   14   5.0   1.25   0.07  10.9  21.6   0  0 0.03 |   14  42.7   0.86   0.05   4.4  25.6   0  0 0.03
  [1440,1441) |                                              |                                              |                                              |                                             
  [1441,1920) |   19   7.7   1.34   0.08   3.8   6.0   0  0 0.05 |   19  43.7   0.92   0.05   3.7  13.0   0  0 0.05 |   19   5.4   1.35   0.08   3.8   0.0   0  0 0.05 |   19  44.5   0.91   0.05   3.7   9.1   0  0 0.05
  [1920,2561) |    6   4.1   1.61   0.15   4.8   6.0   0  0 0.12 |    6  45.0   1.00   0.05   4.0  13.0   0  0 0.12 |    6   3.7   1.61   0.15   4.8   0.0   0  0 0.12 |    6  45.9   0.98   0.05   4.0   9.0   0  0 0.12
## route-service.json
  CONTROL: servedSwitch=801 (route-map.breakpoint) intervals 0/7 passSpans=[]
  OWN_PREFIX: servedSwitch=900 (route-map.breakpoint) intervals 0/7 passSpans=[]
  OWN_MOBFIX: servedSwitch=900 (route-map.breakpoint) intervals 0/7 passSpans=[]
  FINALSPEC: servedSwitch=900 (route-map.breakpoint) intervals 0/7 passSpans=[]
  band         |                                      CONTROL |                                   OWN_PREFIX |                                   OWN_MOBFIX |                                    FINALSPEC
               |    n cls%   R11/n  R13/n  R10  hard  H1 tm |dH| |    n cls%   R11/n  R13/n  R10  hard  H1 tm |dH| |    n cls%   R11/n  R13/n  R10  hard  H1 tm |dH| |    n cls%   R11/n  R13/n  R10  hard  H1 tm |dH|
  [ 390, 600) |   10  69.9   0.15   0.03   0.8  33.0   0  0 0.08 |   10  16.2   0.89   0.19   2.4  33.0   0  0 0.08 |   10  71.1   0.14   0.03   0.8  33.0   0  0 0.08 |   10  71.7   0.15   0.03   0.8  33.0   0  0 0.08
  [ 600, 900) |   16  69.9   0.10   0.02   0.6  18.6   0  7 0.12 |   13  16.2   0.99   0.21   3.0  33.0   0  0 0.18 |   13  71.1   0.16   0.03   1.0  33.0   0  0 0.18 |   13  71.7   0.17   0.03   1.0  33.0   0  0 0.18
  [ 900,1200) |   17  40.1   1.07   0.01   1.9  40.6   0  0 0.06 |   14  51.7   0.64   0.04   2.4  39.2   0  0 0.07 |   14  51.7   0.64   0.04   2.4  39.2   0  0 0.07 |   14  52.4   0.64   0.04   2.4  40.2   0  0 0.07
  [1200,1440) |   12  22.4   0.73   0.00   1.0  29.8   0  0 0.02 |   13  51.0   0.41   0.04   1.0  34.7   0  0 0.03 |   13  51.0   0.41   0.04   1.0  34.7   0  0 0.03 |   13  51.7   0.41   0.04   0.9  35.4   0  0 0.03
  [1440,1441) |    1  22.4   0.00   0.00   0.0  21.0   0  0 0.00 |    1  51.0   0.00   0.00   0.0  21.0   0  0 0.00 |    1  51.0   0.00   0.00   0.0  21.0   0  0 0.00 |    1  51.7   0.00   0.00   0.0  21.0   0  0 0.00
  [1441,1920) |   19   9.4   1.04   0.12   0.0  21.0   0  0 0.04 |   19  60.6   0.32   0.04   0.0  21.0   0  0 0.03 |   19  60.6   0.32   0.04   0.0  21.0   0  0 0.03 |   19  61.9   0.32   0.04   0.0  21.0   0  0 0.03
  [1920,2561) |    6   5.5   1.35   0.19   0.0  21.7   0  0 0.11 |    6  63.9   0.41   0.05   0.0  21.7   0  0 0.07 |    6  63.9   0.41   0.05   0.0  21.7   0  0 0.07 |    6  65.3   0.41   0.05   0.0  21.7   0  0 0.07
