## route-kr-pricing.json
  BEFORE2_oldspec: servedSwitch=801 (route-map.breakpoint) intervals 0/7 passSpans=[]
  CONTROL: servedSwitch=801 (route-map.breakpoint) intervals 0/7 passSpans=[]
  AFTER_MOBFIX: servedSwitch=992 (route-map.breakpoint) intervals 0/7 passSpans=[]
  band         |                              BEFORE2_oldspec |                                      CONTROL |                                 AFTER_MOBFIX
               |    n cls%   R11/n  R13/n  R10  hard  H1 tm |dH| |    n cls%   R11/n  R13/n  R10  hard  H1 tm |dH| |    n cls%   R11/n  R13/n  R10  hard  H1 tm |dH|
  [ 390, 600) |    8  71.4   0.23   0.13   1.8   1.0   0  0 0.05 |    8  66.4   0.28   0.17   1.8   1.0   0  0 0.06 |   10  66.8   0.21   0.14   0.1   1.0   0  0 0.05
  [ 600, 900) |   16  43.7   0.54   0.09   3.1   1.0   6  6 0.09 |   16  41.6   0.56   0.12   3.4   1.0   6  6 0.09 |   13  42.0   1.07   0.19   5.9   1.0   0  0 0.08
  [ 900,1200) |   21  23.9   1.05   0.17   3.7  21.5  21  4 0.05 |   21  21.8   1.10   0.17   5.2  31.1  21  4 0.06 |   21  27.3   1.36   0.16  10.5  76.4  17  0 0.02
  [1200,1440) |   15  46.7   0.82   0.14   2.6  11.6  15  0 0.01 |   15  42.2   0.82   0.16   2.9  16.9  15  0 0.01 |   15  36.7   0.71   0.15   2.8  13.7  15  0 0.01
  [1440,1441) |                                              |                                              |                                             
  [1441,1920) |   14  55.4   0.32   0.15   1.0   2.0   0  0 0.01 |   14  48.2   0.41   0.17   1.0   2.0   0  0 0.00 |   14  35.9   0.40   0.16   2.0   2.0   0  0 0.00
  [1920,2561) |    6  71.5   0.33   0.15   1.0   2.0   0  0 0.01 |    6  61.3   0.42   0.17   1.0   2.0   0  0 0.00 |    6  63.1   0.41   0.16   2.0   2.0   0  0 0.00
## route-kr.json
  BEFORE2_oldspec: servedSwitch=801 (route-map.breakpoint) intervals 0/6 passSpans=[]
  CONTROL: servedSwitch=801 (route-map.breakpoint) intervals 0/6 passSpans=[]
  AFTER_MOBFIX: servedSwitch=992 (route-map.breakpoint) intervals 0/6 passSpans=[]
  band         |                              BEFORE2_oldspec |                                      CONTROL |                                 AFTER_MOBFIX
               |    n cls%   R11/n  R13/n  R10  hard  H1 tm |dH| |    n cls%   R11/n  R13/n  R10  hard  H1 tm |dH| |    n cls%   R11/n  R13/n  R10  hard  H1 tm |dH|
  [ 390, 600) |    7  72.1   0.39   0.09   3.9   2.4   0  0 0.01 |    7  71.8   0.39   0.09   4.1   2.4   0  0 0.01 |    7  72.3   0.35   0.11   3.3   1.1   0  0 0.02
  [ 600, 900) |   19  54.1   0.78   0.12   7.9   9.6   8  4 0.09 |   19  54.2   0.78   0.12   7.8  10.9   8  4 0.09 |   13  72.3   0.23   0.07   2.8   1.7   0  6 0.10
  [ 900,1200) |   23  33.7   1.29   0.06   7.4   9.3  23  0 0.17 |   23  34.3   1.28   0.07   7.4  11.1  23  0 0.17 |   21  50.9   0.80   0.00   4.5   7.0  16  5 0.15
  [1200,1440) |    9  72.2   0.46   0.00   1.8   7.9   9  0 0.11 |    9  71.6   0.46   0.01   1.8   9.1   9  0 0.11 |    9  81.0   0.39   0.00   2.7   5.1   9  0 0.06
  [1440,1441) |                                              |                                              |                                             
  [1441,1920) |   15  91.2   0.08   0.01   0.2   2.0   0  0 0.06 |   15  90.0   0.09   0.02   0.2   2.0   0  0 0.06 |   15  96.4   0.00   0.00   1.0   1.0   0  0 0.02
  [1920,2561) |    6  85.6   0.13   0.01   0.0   2.0   0  0 0.06 |    6  92.7   0.10   0.02   0.0   2.0   0  0 0.06 |    6  99.5   0.00   0.00   1.0   1.0   0  0 0.02
