## route-pricing.json
  BEFORE2_oldspec: servedSwitch=801 (route-map.breakpoint) intervals 0/24 passSpans=[]
  CONTROL: servedSwitch=801 (route-map.breakpoint) intervals 0/24 passSpans=[]
  AFTER_MOBFIX: servedSwitch=1025 (route-map.pageBreakpoints) intervals 0/24 passSpans=[]
  band         |                              BEFORE2_oldspec |                                      CONTROL |                                 AFTER_MOBFIX
               |    n cls%   R11/n  R13/n  R10  hard  H1 tm |dH| |    n cls%   R11/n  R13/n  R10  hard  H1 tm |dH| |    n cls%   R11/n  R13/n  R10  hard  H1 tm |dH|
  [ 390, 600) |   21  67.7   0.29   0.21   2.0   1.0   0  0 0.00 |   21  67.7   0.29   0.21   2.0   1.0   0  0 0.00 |   21  90.9   0.11   0.02   2.0   1.0   0  0 0.00
  [ 600, 900) |   38  33.5   0.76   0.14   2.1   3.9   0  0 0.02 |   38  33.5   0.76   0.14   2.1   3.9   0  0 0.02 |   36  51.0   0.49   0.02   2.0   0.6   0  0 0.04
  [ 900,1200) |   47  25.4   1.29   0.00  43.7  23.0   0  0 0.01 |   47  25.4   1.29   0.00  43.7  23.0   0  0 0.01 |   47  45.4   1.06   0.01   1.7   4.1   0  0 0.04
  [1200,1440) |   20  54.4   0.43   0.00   0.1  10.4   0  0 0.00 |   20  54.4   0.43   0.00   0.1  10.4   0  0 0.00 |   20  78.3   0.21   0.00   0.1   1.4   0  0 0.00
  [1440,1441) |    1  99.1   0.00   0.00   0.0   0.0   0  0 0.00 |    1  99.1   0.00   0.00   0.0   0.0   0  0 0.00 |    1  99.5   0.00   0.00   0.0   0.0   0  0 0.00
  [1441,1920) |   34  96.8   0.02   0.01   0.0   0.0   0  0 0.00 |   34  96.8   0.02   0.01   0.0   0.0   0  0 0.00 |   34  97.3   0.02   0.01   0.0   0.0   0  0 0.00
  [1920,2561) |    6  96.8   0.03   0.01   0.0   0.0   0  0 0.00 |    6  96.8   0.03   0.01   0.0   0.0   0  0 0.00 |    6  97.3   0.03   0.01   0.0   0.0   0  0 0.00
## route-root.json
  BEFORE2_oldspec: servedSwitch=801 (route-map.breakpoint) intervals 0/23 passSpans=[]
  CONTROL: servedSwitch=801 (route-map.breakpoint) intervals 0/23 passSpans=[]
  AFTER_MOBFIX: servedSwitch=641 (route-map.breakpoint) intervals 0/23 passSpans=[]
  band         |                              BEFORE2_oldspec |                                      CONTROL |                                 AFTER_MOBFIX
               |    n cls%   R11/n  R13/n  R10  hard  H1 tm |dH| |    n cls%   R11/n  R13/n  R10  hard  H1 tm |dH| |    n cls%   R11/n  R13/n  R10  hard  H1 tm |dH|
  [ 390, 600) |   20  20.3   0.74   0.17  15.8  11.1   0  0 0.03 |   20  35.9   0.57   0.07  14.8   6.6   0  0 0.03 |   20  54.6   0.39   0.00  14.8   6.5   0  0 0.03
  [ 600, 900) |   38  24.7   1.20   0.14  33.6  30.9   4  0 0.23 |   38  31.6   1.14   0.07  34.1  18.8   4  0 0.23 |   36  43.3   1.09   0.11  23.3  45.4  22  0 0.04
  [ 900,1200) |   49  46.3   1.17   0.08  11.5  42.7   0  0 0.02 |   49  45.2   1.19   0.10  13.1  43.2   0  0 0.02 |   49  45.2   1.19   0.10  13.1  45.5   0  0 0.02
  [1200,1440) |   20  48.3   0.49   0.05   1.1  12.8   0  0 0.01 |   20  50.2   0.49   0.06   1.1  15.6   0  0 0.01 |   20  49.5   0.49   0.06   1.1  17.1   0  0 0.01
  [1440,1441) |    1  86.4   0.00   0.00   0.0   0.0   0  0 0.00 |    1  84.2   0.00   0.00   0.0   1.0   0  0 0.00 |    1  84.2   0.00   0.00   0.0   1.0   0  0 0.00
  [1441,1920) |   35  93.6   0.06   0.02   0.0   0.9   0  0 0.01 |   35  93.0   0.06   0.02   0.0   1.0   0  0 0.01 |   35  93.0   0.06   0.02   0.0   1.0   0  0 0.01
  [1920,2561) |    6  93.2   0.08   0.02   0.0   1.0   0  0 0.01 |    6  92.6   0.08   0.02   0.0   1.0   0  0 0.01 |    6  92.6   0.08   0.02   0.0   1.0   0  0 0.01
