## route-17.json
  BEFORE2_oldspec: servedSwitch=801 (route-map.breakpoint) intervals 0/21 passSpans=[]
  CONTROL: servedSwitch=801 (route-map.breakpoint) intervals 0/21 passSpans=[]
  band         |                              BEFORE2_oldspec |                                      CONTROL
               |    n cls%   R11/n  R13/n  R10  hard  H1 tm |dH| |    n cls%   R11/n  R13/n  R10  hard  H1 tm |dH|
  [ 390, 600) |   31  57.1   0.28   0.23   0.0   4.0   0  0 0.01 |   31  57.1   0.28   0.23   0.0   4.0   0  0 0.01
  [ 600, 900) |   46  53.0   0.34   0.22   0.0   3.5   0  4 0.11 |   46  53.0   0.34   0.22   0.0   3.5   0  4 0.11
  [ 900,1200) |   26  59.0   0.24   0.11   0.0   5.0   0  6 0.36 |   26  59.0   0.24   0.11   0.0   5.0   0  6 0.36
  [1200,1440) |   21  79.2   0.19   0.07   0.0   1.4   0  0 0.08 |   21  79.2   0.19   0.07   0.0   1.4   0  0 0.08
  [1440,1441) |                                              |                                             
  [1441,1920) |   13  79.7   0.21   0.04   0.0   0.9   0  0 0.08 |   13  79.7   0.21   0.04   0.0   0.9   0  0 0.08
  [1920,2561) |    6  79.7   0.23   0.04   0.0   1.0   0  0 0.17 |    6  79.7   0.23   0.04   0.0   1.0   0  0 0.17
## route-root.json
  BEFORE2_oldspec: servedSwitch=801 (route-map.breakpoint) intervals 0/26 passSpans=[]
  CONTROL: servedSwitch=801 (route-map.breakpoint) intervals 0/26 passSpans=[]
  band         |                              BEFORE2_oldspec |                                      CONTROL
               |    n cls%   R11/n  R13/n  R10  hard  H1 tm |dH| |    n cls%   R11/n  R13/n  R10  hard  H1 tm |dH|
  [ 390, 600) |   26  51.0   0.57   0.15   0.0  24.0   0  0 0.07 |   26  50.5   0.57   0.15   0.0  24.0   0  0 0.07
  [ 600, 900) |   56  49.0   0.48   0.12   0.0  16.7   0 17 0.33 |   56  48.4   0.49   0.12   0.0  16.7   0 17 0.33
  [ 900,1200) |   33  29.1   0.50   0.13   0.0  26.3   6 15 0.51 |   33  28.2   0.51   0.14   0.0  24.7   6 15 0.51
  [1200,1440) |   21  84.1   0.31   0.12   0.0   8.2   0  0 0.10 |   21  83.2   0.32   0.13   0.0   6.1   0  0 0.10
  [1440,1441) |                                              |                                             
  [1441,1920) |   14  92.3   0.10   0.04   0.0   0.0   0  0 0.06 |   14  91.4   0.11   0.05   0.0   0.0   0  0 0.06
  [1920,2561) |    6  92.3   0.11   0.04   0.0   0.0   0  0 0.05 |    6  91.4   0.12   0.05   0.0   0.0   0  0 0.05
